27   0   617185   603742   630628 11.8 11.5 12.1   192156   184615   199697 15.3 14.7 15.9   123399   117158   129640 13.6 12.9 14.3  56944  56467  57421   63180   59041   67319 18.2 17.0 19.4 Minnesota                                     MN est11_MN.txt 28NOV2012
27   1     2101     1735     2467 13.2 10.9 15.5      640      481      799 22.9 17.2 28.6      434      318      550 21.2 15.5 26.9  39958  37015  42901                                        Aitkin County                                 MN est11_MN.txt 28NOV2012
27   3    28257    25257    31257  8.6  7.7  9.5     9323     7912    10734 11.1  9.4 12.8     6041     5022     7060  9.8  8.1 11.5  63799  62047  65551                                        Anoka County                                  MN est11_MN.txt 28NOV2012
27   5     4176     3525     4827 12.9 10.9 14.9     1595     1269     1921 20.4 16.2 24.6     1010      755     1265 17.7 13.2 22.2  47819  45653  49985                                        Becker County                                 MN est11_MN.txt 28NOV2012
27   7     8835     7536    10134 20.4 17.4 23.4     3280     2681     3879 29.6 24.2 35.0     2135     1681     2589 27.9 22.0 33.8  40657  37252  44062                                        Beltrami County                               MN est11_MN.txt 28NOV2012
27   9     4381     3629     5133 11.5  9.5 13.5     1320     1040     1600 14.1 11.1 17.1      819      622     1016 12.4  9.4 15.4  49482  45634  53330                                        Benton County                                 MN est11_MN.txt 28NOV2012
27  11      765      633      897 15.0 12.4 17.6      225      178      272 21.0 16.6 25.4      146      112      180 19.0 14.5 23.5  43190  39697  46683                                        Big Stone County                              MN est11_MN.txt 28NOV2012
27  13    11085     9946    12224 18.3 16.4 20.2     2100     1760     2440 17.3 14.5 20.1     1268     1020     1516 15.1 12.1 18.1  46280  42822  49738                                        Blue Earth County                             MN est11_MN.txt 28NOV2012
27  15     1980     1560     2400  8.0  6.3  9.7      631      477      785 11.5  8.7 14.3      414      306      522 10.4  7.7 13.1  50339  46804  53874                                        Brown County                                  MN est11_MN.txt 28NOV2012
27  17     4118     3445     4791 12.2 10.2 14.2     1074      849     1299 13.4 10.6 16.2      686      520      852 11.7  8.9 14.5  49357  46281  52433                                        Carlton County                                MN est11_MN.txt 28NOV2012
27  19     4926     3982     5870  5.4  4.4  6.4     1678     1325     2031  6.2  4.9  7.5     1049      807     1291  5.1  3.9  6.3  85314  79920  90708                                        Carver County                                 MN est11_MN.txt 28NOV2012
27  21     5142     4473     5811 18.3 15.9 20.7     1758     1451     2065 30.1 24.8 35.4     1179      945     1413 28.2 22.6 33.8  42297  39938  44656                                        Cass County                                   MN est11_MN.txt 28NOV2012
27  23     1318     1047     1589 10.9  8.7 13.1      455      357      553 16.1 12.6 19.6      293      224      362 14.5 11.1 17.9  46545  42692  50398                                        Chippewa County                               MN est11_MN.txt 28NOV2012
27  25     3525     2791     4259  6.7  5.3  8.1     1171      880     1462  8.8  6.6 11.0      760      557      963  7.5  5.5  9.5  62776  58346  67206                                        Chisago County                                MN est11_MN.txt 28NOV2012
27  27     8294     7096     9492 14.8 12.7 16.9     2245     1817     2673 16.6 13.4 19.8     1438     1128     1748 15.2 11.9 18.5  52731  49424  56038                                        Clay County                                   MN est11_MN.txt 28NOV2012
27  29     1638     1369     1907 18.9 15.8 22.0      639      511      767 30.2 24.2 36.2      424      330      518 27.8 21.7 33.9  36697  34713  38681                                        Clearwater County                             MN est11_MN.txt 28NOV2012
27  31      562      447      677 10.9  8.7 13.1      144      113      175 16.6 13.0 20.2       91       70      112 14.1 10.8 17.4  44278  39793  48763                                        Cook County                                   MN est11_MN.txt 28NOV2012
27  33     1347     1063     1631 11.7  9.2 14.2      457      348      566 16.6 12.6 20.6      278      202      354 13.7 10.0 17.4  44504  40539  48469                                        Cottonwood County                             MN est11_MN.txt 28NOV2012
27  35     8301     7045     9557 13.4 11.4 15.4     2686     2153     3219 19.3 15.5 23.1     1804     1423     2185 18.1 14.3 21.9  45514  42503  48525                                        Crow Wing County                              MN est11_MN.txt 28NOV2012
27  37    27972    24596    31348  7.0  6.2  7.8     9441     7809    11073  9.2  7.6 10.8     6074     4902     7246  8.0  6.4  9.6  70064  68279  71849                                        Dakota County                                 MN est11_MN.txt 28NOV2012
27  39     1483     1177     1789  7.4  5.9  8.9      574      444      704 10.1  7.8 12.4      368      277      459  8.7  6.6 10.8  65423  60604  70242                                        Dodge County                                  MN est11_MN.txt 28NOV2012
27  41     3869     3200     4538 10.8  8.9 12.7     1054      818     1290 13.7 10.6 16.8      693      520      866 12.5  9.4 15.6  49161  46341  51981                                        Douglas County                                MN est11_MN.txt 28NOV2012
27  43     1921     1547     2295 13.6 11.0 16.2      640      502      778 20.9 16.4 25.4      419      320      518 18.8 14.4 23.2  43567  40145  46989                                        Faribault County                              MN est11_MN.txt 28NOV2012
27  45     2507     2056     2958 12.2 10.0 14.4      877      686     1068 17.9 14.0 21.8      582      443      721 16.6 12.6 20.6  47241  44311  50171                                        Fillmore County                               MN est11_MN.txt 28NOV2012
27  47     3792     3156     4428 12.4 10.3 14.5     1148      897     1399 17.3 13.5 21.1      761      584      938 16.0 12.3 19.7  44352  41398  47306                                        Freeborn County                               MN est11_MN.txt 28NOV2012
27  49     4156     3449     4863  9.2  7.6 10.8     1351     1083     1619 12.8 10.3 15.3      917      728     1106 12.0  9.5 14.5  54724  50161  59287                                        Goodhue County                                MN est11_MN.txt 28NOV2012
27  51      613      484      742 10.4  8.2 12.6      205      156      254 16.3 12.4 20.2      131       96      166 14.8 10.8 18.8  43715  40179  47251                                        Grant County                                  MN est11_MN.txt 28NOV2012
27  53   156330   148419   164241 13.6 12.9 14.3    45890    42077    49703 17.7 16.2 19.2    29537    26605    32469 16.1 14.5 17.7  60811  59850  61772                                        Hennepin County                               MN est11_MN.txt 28NOV2012
27  55     1782     1440     2124  9.5  7.7 11.3      530      422      638 12.6 10.0 15.2      352      275      429 11.2  8.8 13.6  52325  48487  56163                                        Houston County                                MN est11_MN.txt 28NOV2012
27  57     2835     2322     3348 14.1 11.5 16.7      969      760     1178 22.8 17.9 27.7      650      497      803 21.4 16.4 26.4  41196  38445  43947                                        Hubbard County                                MN est11_MN.txt 28NOV2012
27  59     3334     2638     4030  8.8  7.0 10.6     1190      908     1472 12.5  9.5 15.5      805      601     1009 11.6  8.7 14.5  57860  53548  62172                                        Isanti County                                 MN est11_MN.txt 28NOV2012
27  61     6201     5240     7162 14.1 11.9 16.3     1934     1531     2337 20.7 16.4 25.0     1243      944     1542 18.0 13.7 22.3  44957  42546  47368                                        Itasca County                                 MN est11_MN.txt 28NOV2012
27  63     1124      915     1333 11.2  9.1 13.3      388      313      463 17.3 13.9 20.7      255      201      309 15.4 12.1 18.7  47337  44681  49993                                        Jackson County                                MN est11_MN.txt 28NOV2012
27  65     2293     1844     2742 14.4 11.6 17.2      805      634      976 22.0 17.3 26.7      546      421      671 20.0 15.4 24.6  44691  41101  48281                                        Kanabec County                                MN est11_MN.txt 28NOV2012
27  67     5253     4345     6161 12.7 10.5 14.9     1817     1429     2205 18.6 14.6 22.6     1186      908     1464 17.1 13.1 21.1  49543  46292  52794                                        Kandiyohi County                              MN est11_MN.txt 28NOV2012
27  69      472      370      574 10.7  8.4 13.0      152      117      187 15.6 12.0 19.2      100       75      125 13.4 10.0 16.8  45740  41673  49807                                        Kittson County                                MN est11_MN.txt 28NOV2012
27  71     1820     1439     2201 14.0 11.1 16.9      574      438      710 21.5 16.4 26.6      381      282      480 18.6 13.8 23.4  42771  38444  47098                                        Koochiching County                            MN est11_MN.txt 28NOV2012
27  73      732      583      881 10.4  8.3 12.5      216      167      265 14.6 11.3 17.9      143      108      178 12.9  9.7 16.1  49670  46283  53057                                        Lac qui Parle County                          MN est11_MN.txt 28NOV2012
27  75     1116      880     1352 10.5  8.3 12.7      340      263      417 17.0 13.1 20.9      216      162      270 15.2 11.4 19.0  48683  44445  52921                                        Lake County                                   MN est11_MN.txt 28NOV2012
27  77      503      397      609 12.8 10.1 15.5      141      108      174 18.1 13.9 22.3       94       70      118 16.2 12.1 20.3  39777  35688  43866                                        Lake of the Woods County                      MN est11_MN.txt 28NOV2012
27  79     2462     2027     2897  9.0  7.4 10.6      767      599      935 11.2  8.7 13.7      505      384      626 10.0  7.6 12.4  54468  50410  58526                                        Le Sueur County                               MN est11_MN.txt 28NOV2012
27  81      559      449      669  9.8  7.9 11.7      163      123      203 12.7  9.6 15.8      109       80      138 11.8  8.7 14.9  43996  39776  48216                                        Lincoln County                                MN est11_MN.txt 28NOV2012
27  83     3014     2422     3606 12.1  9.7 14.5     1007      797     1217 16.3 12.9 19.7      635      485      785 14.8 11.3 18.3  50031  46168  53894                                        Lyon County                                   MN est11_MN.txt 28NOV2012
27  85     2970     2367     3573  8.2  6.5  9.9     1005      774     1236 11.2  8.6 13.8      649      484      814  9.9  7.4 12.4  52120  48759  55481                                        McLeod County                                 MN est11_MN.txt 28NOV2012
27  87     1303     1112     1494 24.3 20.7 27.9      592      481      703 37.4 30.4 44.4      387      303      471 35.5 27.8 43.2  37593  34856  40330                                        Mahnomen County                               MN est11_MN.txt 28NOV2012
27  89      952      785     1119 10.1  8.3 11.9      276      213      339 12.9 10.0 15.8      163      119      207 10.3  7.6 13.0  47760  44379  51141                                        Marshall County                               MN est11_MN.txt 28NOV2012
27  91     2548     2061     3035 12.5 10.1 14.9      831      644     1018 18.7 14.5 22.9      556      422      690 17.2 13.1 21.3  44597  40702  48492                                        Martin County                                 MN est11_MN.txt 28NOV2012
27  93     2126     1711     2541  9.3  7.5 11.1      739      572      906 12.8  9.9 15.7      493      373      613 11.8  8.9 14.7  51299  48542  54056                                        Meeker County                                 MN est11_MN.txt 28NOV2012
27  95     3337     2744     3930 13.2 10.9 15.5     1184      937     1431 18.9 15.0 22.8      783      602      964 17.5 13.5 21.5  43155  39555  46755                                        Mille Lacs County                             MN est11_MN.txt 28NOV2012
27  97     3983     3277     4689 12.1 10.0 14.2     1339     1042     1636 16.8 13.1 20.5      909      697     1121 15.9 12.2 19.6  44928  42323  47533                                        Morrison County                               MN est11_MN.txt 28NOV2012
27  99     5303     4407     6199 13.7 11.4 16.0     1915     1561     2269 19.6 16.0 23.2     1280     1022     1538 18.7 14.9 22.5  46860  43879  49841                                        Mower County                                  MN est11_MN.txt 28NOV2012
27 101      796      630      962  9.4  7.4 11.4      251      192      310 13.5 10.3 16.7      164      122      206 12.3  9.2 15.4  52281  48028  56534                                        Murray County                                 MN est11_MN.txt 28NOV2012
27 103     3148     2611     3685 10.3  8.5 12.1      858      676     1040 12.0  9.4 14.6      505      371      639 10.0  7.4 12.6  55360  51114  59606                                        Nicollet County                               MN est11_MN.txt 28NOV2012
27 105     3056     2557     3555 14.5 12.1 16.9     1135      930     1340 20.8 17.0 24.6      692      541      843 18.7 14.6 22.8  44945  41252  48638                                        Nobles County                                 MN est11_MN.txt 28NOV2012
27 107      842      669     1015 12.5  9.9 15.1      297      231      363 18.5 14.4 22.6      190      144      236 15.5 11.7 19.3  44576  40668  48484                                        Norman County                                 MN est11_MN.txt 28NOV2012
27 109    11429     9328    13530  8.0  6.5  9.5     3910     2994     4826 10.8  8.3 13.3     2678     2018     3338 10.5  7.9 13.1  66997  63349  70645                                        Olmsted County                                MN est11_MN.txt 28NOV2012
27 111     6434     5353     7515 11.4  9.5 13.3     1891     1472     2310 15.7 12.2 19.2     1234      914     1554 14.1 10.5 17.7  47879  45083  50675                                        Otter Tail County                             MN est11_MN.txt 28NOV2012
27 113     1730     1410     2050 12.6 10.3 14.9      531      416      646 16.5 12.9 20.1      354      271      437 15.6 11.9 19.3  41986  39238  44734                                        Pennington County                             MN est11_MN.txt 28NOV2012
27 115     4398     3688     5108 15.9 13.3 18.5     1490     1206     1774 24.0 19.4 28.6     1008      803     1213 22.3 17.8 26.8  42447  39563  45331                                        Pine County                                   MN est11_MN.txt 28NOV2012
27 117     1179      950     1408 12.7 10.2 15.2      413      317      509 17.8 13.6 22.0      271      202      340 16.2 12.1 20.3  43726  40067  47385                                        Pipestone County                              MN est11_MN.txt 28NOV2012
27 119     4391     3845     4937 14.5 12.7 16.3     1478     1241     1715 20.4 17.1 23.7      829      643     1015 15.8 12.3 19.3  49978  46726  53230                                        Polk County                                   MN est11_MN.txt 28NOV2012
27 121     1101      858     1344 10.3  8.0 12.6      315      238      392 14.0 10.6 17.4      212      157      267 13.3  9.8 16.8  47165  42944  51386                                        Pope County                                   MN est11_MN.txt 28NOV2012
27 123    88308    82473    94143 17.7 16.5 18.9    30158    27350    32966 25.6 23.2 28.0    18871    16631    21111 23.0 20.3 25.7  51719  50167  53271                                        Ramsey County                                 MN est11_MN.txt 28NOV2012
27 125      464      371      557 11.4  9.1 13.7      158      123      193 16.1 12.6 19.6      104       79      129 15.1 11.5 18.7  44658  40590  48726                                        Red Lake County                               MN est11_MN.txt 28NOV2012
27 127     1625     1321     1929 10.4  8.5 12.3      560      438      682 14.5 11.3 17.7      376      288      464 13.3 10.2 16.4  47858  44642  51074                                        Redwood County                                MN est11_MN.txt 28NOV2012
27 129     1679     1359     1999 11.1  9.0 13.2      591      457      725 17.1 13.2 21.0      380      284      476 15.1 11.3 18.9  49153  46462  51844                                        Renville County                               MN est11_MN.txt 28NOV2012
27 131     6422     5166     7678 11.2  9.0 13.4     2031     1606     2456 13.8 10.9 16.7     1339     1036     1642 12.5  9.7 15.3  56781  52145  61417                                        Rice County                                   MN est11_MN.txt 28NOV2012
27 133     1021      837     1205 10.9  8.9 12.9      356      282      430 14.6 11.5 17.7      235      182      288 13.1 10.2 16.0  49920  44895  54945                                        Rock County                                   MN est11_MN.txt 28NOV2012
27 135     1859     1618     2100 12.1 10.5 13.7      610      512      708 15.4 12.9 17.9      365      292      438 12.3  9.8 14.8  48344  44072  52616                                        Roseau County                                 MN est11_MN.txt 28NOV2012
27 137    33653    30848    36458 17.5 16.0 19.0     8039     6851     9227 21.3 18.2 24.4     5107     4263     5951 18.9 15.8 22.0  44475  42633  46317                                        St. Louis County                              MN est11_MN.txt 28NOV2012
27 139     7560     6222     8898  5.8  4.8  6.8     2783     2205     3361  7.1  5.6  8.6     1893     1478     2308  6.6  5.1  8.1  81586  78194  84978                                        Scott County                                  MN est11_MN.txt 28NOV2012
27 141     6620     5436     7804  7.6  6.2  9.0     2307     1814     2800  9.2  7.2 11.2     1469     1121     1817  7.9  6.0  9.8  68646  63405  73887                                        Sherburne County                              MN est11_MN.txt 28NOV2012
27 143     1741     1430     2052 11.6  9.5 13.7      632      510      754 16.9 13.6 20.2      391      304      478 14.2 11.0 17.4  53047  50259  55835                                        Sibley County                                 MN est11_MN.txt 28NOV2012
27 145    19379    17350    21408 13.5 12.1 14.9     4387     3612     5162 13.0 10.7 15.3     2705     2147     3263 11.2  8.9 13.5  52053  49470  54636                                        Stearns County                                MN est11_MN.txt 28NOV2012
27 147     3476     2878     4074  9.6  7.9 11.3     1280     1015     1545 13.6 10.8 16.4      873      679     1067 12.9 10.0 15.8  54971  51666  58276                                        Steele County                                 MN est11_MN.txt 28NOV2012
27 149     1173      960     1386 13.3 10.9 15.7      235      180      290 12.2  9.3 15.1      141      104      178 10.3  7.6 13.0  46892  42869  50915                                        Stevens County                                MN est11_MN.txt 28NOV2012
27 151      999      792     1206 10.5  8.3 12.7      314      241      387 15.0 11.5 18.5      198      147      249 13.1  9.8 16.4  46209  43535  48883                                        Swift County                                  MN est11_MN.txt 28NOV2012
27 153     4098     3511     4685 16.7 14.3 19.1     1464     1205     1723 24.5 20.2 28.8      871      670     1072 20.2 15.5 24.9  41290  38305  44275                                        Todd County                                   MN est11_MN.txt 28NOV2012
27 155      425      332      518 12.4  9.7 15.1      137      106      168 18.8 14.6 23.0       91       69      113 16.0 12.1 19.9  45815  41834  49796                                        Traverse County                               MN est11_MN.txt 28NOV2012
27 157     1992     1625     2359  9.3  7.6 11.0      639      512      766 13.1 10.5 15.7      423      331      515 11.7  9.2 14.2  53899  49498  58300                                        Wabasha County                                MN est11_MN.txt 28NOV2012
27 159     2419     1989     2849 18.2 15.0 21.4      818      650      986 25.5 20.3 30.7      538      416      660 23.1 17.9 28.3  36097  32594  39600                                        Wadena County                                 MN est11_MN.txt 28NOV2012
27 161     1771     1395     2147  9.9  7.8 12.0      603      461      745 13.5 10.3 16.7      393      293      493 12.1  9.0 15.2  52660  49720  55600                                        Waseca County                                 MN est11_MN.txt 28NOV2012
27 163    13993    11965    16021  5.9  5.0  6.8     4421     3578     5264  7.1  5.7  8.5     2775     2128     3422  5.9  4.5  7.3  77069  74467  79671                                        Washington County                             MN est11_MN.txt 28NOV2012
27 165     1301     1024     1578 11.8  9.3 14.3      482      370      594 17.6 13.5 21.7      318      239      397 16.2 12.2 20.2  46565  42615  50515                                        Watonwan County                               MN est11_MN.txt 28NOV2012
27 167      619      485      753  9.6  7.5 11.7      197      152      242 12.9 10.0 15.8      131       99      163 11.3  8.5 14.1  50004  45222  54786                                        Wilkin County                                 MN est11_MN.txt 28NOV2012
27 169     6893     5906     7880 14.6 12.5 16.7     1386     1077     1695 14.6 11.3 17.9      877      657     1097 12.6  9.4 15.8  46028  42202  49854                                        Winona County                                 MN est11_MN.txt 28NOV2012
27 171     8658     7223    10093  6.9  5.8  8.0     3169     2535     3803  8.6  6.9 10.3     1970     1501     2439  7.5  5.7  9.3  68387  64617  72157                                        Wright County                                 MN est11_MN.txt 28NOV2012
27 173     1116      905     1327 11.1  9.0 13.2      357      278      436 15.0 11.7 18.3      237      181      293 13.6 10.4 16.8  46586  43493  49679                                        Yellow Medicine County                        MN est11_MN.txt 28NOV2012
