27   0   597515   584948   610082 11.4 11.2 11.6   183595   176905   190285 14.6 14.1 15.1   119040   113252   124828 13.1 12.5 13.7  58828  58186  59470   58481   55336   61626 17.0 16.1 17.9 Minnesota                                     MN est12_MN.txt 15NOV2013
27   1     2187     1808     2566 13.9 11.5 16.3      662      513      811 24.3 18.8 29.8      435      329      541 21.5 16.2 26.8  38871  35728  42014                                        Aitkin County                                 MN est12_MN.txt 15NOV2013
27   3    27583    24731    30435  8.3  7.4  9.2     8891     7536    10246 10.7  9.1 12.3     5885     4909     6861  9.6  8.0 11.2  67811  65500  70122                                        Anoka County                                  MN est12_MN.txt 15NOV2013
27   5     4384     3630     5138 13.5 11.2 15.8     1631     1295     1967 20.6 16.3 24.9     1063      819     1307 18.4 14.2 22.6  47356  44065  50647                                        Becker County                                 MN est12_MN.txt 15NOV2013
27   7     9193     8049    10337 21.2 18.6 23.8     3138     2582     3694 28.0 23.0 33.0     2027     1604     2450 26.3 20.8 31.8  42655  40269  45041                                        Beltrami County                               MN est12_MN.txt 15NOV2013
27   9     4051     3389     4713 10.6  8.9 12.3     1153      892     1414 12.4  9.6 15.2      735      553      917 11.1  8.3 13.9  52308  48646  55970                                        Benton County                                 MN est12_MN.txt 15NOV2013
27  11      664      542      786 13.2 10.8 15.6      212      171      253 20.2 16.3 24.1      137      107      167 18.2 14.2 22.2  44210  40744  47676                                        Big Stone County                              MN est12_MN.txt 15NOV2013
27  13    10165     9051    11279 16.6 14.8 18.4     1889     1523     2255 15.2 12.2 18.2     1222      959     1485 14.1 11.1 17.1  48788  46125  51451                                        Blue Earth County                             MN est12_MN.txt 15NOV2013
27  15     2158     1757     2559  8.8  7.2 10.4      581      450      712 10.7  8.3 13.1      373      284      462  9.5  7.2 11.8  48348  45080  51616                                        Brown County                                  MN est12_MN.txt 15NOV2013
27  17     4242     3673     4811 12.6 10.9 14.3     1026      828     1224 12.9 10.4 15.4      634      490      778 10.8  8.4 13.2  50049  46918  53180                                        Carlton County                                MN est12_MN.txt 15NOV2013
27  19     4159     3350     4968  4.5  3.6  5.4     1311     1008     1614  4.9  3.8  6.0      798      593     1003  3.9  2.9  4.9  85064  80600  89528                                        Carver County                                 MN est12_MN.txt 15NOV2013
27  21     5006     4425     5587 17.8 15.7 19.9     1660     1390     1930 28.3 23.7 32.9     1089      887     1291 25.6 20.9 30.3  43491  41574  45408                                        Cass County                                   MN est12_MN.txt 15NOV2013
27  23     1169      935     1403  9.8  7.8 11.8      398      308      488 14.5 11.2 17.8      246      184      308 12.4  9.3 15.5  49545  46100  52990                                        Chippewa County                               MN est12_MN.txt 15NOV2013
27  25     4012     3369     4655  7.7  6.5  8.9     1122      878     1366  8.8  6.9 10.7      703      537      869  7.2  5.5  8.9  65617  61748  69486                                        Chisago County                                MN est12_MN.txt 15NOV2013
27  27     6443     5271     7615 11.4  9.3 13.5     1834     1412     2256 13.4 10.3 16.5     1200      905     1495 12.5  9.4 15.6  51954  49116  54792                                        Clay County                                   MN est12_MN.txt 15NOV2013
27  29     1331     1083     1579 15.5 12.6 18.4      516      402      630 24.7 19.2 30.2      340      262      418 22.4 17.3 27.5  40704  38159  43249                                        Clearwater County                             MN est12_MN.txt 15NOV2013
27  31      577      476      678 11.2  9.2 13.2      148      118      178 17.3 13.8 20.8       86       65      107 13.7 10.4 17.0  46621  42839  50403                                        Cook County                                   MN est12_MN.txt 15NOV2013
27  33     1363     1117     1609 12.0  9.8 14.2      450      352      548 16.8 13.1 20.5      289      221      357 14.7 11.3 18.1  44449  41353  47545                                        Cottonwood County                             MN est12_MN.txt 15NOV2013
27  35     8085     6812     9358 13.0 11.0 15.0     2674     2155     3193 19.2 15.5 22.9     1717     1359     2075 17.1 13.5 20.7  47061  45165  48957                                        Crow Wing County                              MN est12_MN.txt 15NOV2013
27  37    30381    27227    33535  7.5  6.7  8.3    10119     8793    11445  9.9  8.6 11.2     6046     4994     7098  8.0  6.6  9.4  71574  69529  73619                                        Dakota County                                 MN est12_MN.txt 15NOV2013
27  39     1607     1334     1880  8.0  6.6  9.4      595      483      707 10.6  8.6 12.6      392      317      467  9.3  7.5 11.1  65548  62483  68613                                        Dodge County                                  MN est12_MN.txt 15NOV2013
27  41     3479     2788     4170  9.7  7.8 11.6     1006      781     1231 13.2 10.3 16.1      655      499      811 11.8  9.0 14.6  53096  49795  56397                                        Douglas County                                MN est12_MN.txt 15NOV2013
27  43     1915     1603     2227 13.8 11.6 16.0      642      515      769 21.3 17.1 25.5      428      340      516 19.5 15.5 23.5  42833  40392  45274                                        Faribault County                              MN est12_MN.txt 15NOV2013
27  45     2546     2152     2940 12.4 10.5 14.3      866      704     1028 17.9 14.6 21.2      543      423      663 15.5 12.1 18.9  49370  46700  52040                                        Fillmore County                               MN est12_MN.txt 15NOV2013
27  47     3454     2860     4048 11.3  9.4 13.2     1129      900     1358 17.1 13.6 20.6      755      594      916 15.8 12.4 19.2  44988  42008  47968                                        Freeborn County                               MN est12_MN.txt 15NOV2013
27  49     4169     3535     4803  9.2  7.8 10.6     1299     1062     1536 12.3 10.0 14.6      917      751     1083 11.9  9.7 14.1  56875  54409  59341                                        Goodhue County                                MN est12_MN.txt 15NOV2013
27  51      651      523      779 11.1  8.9 13.3      214      168      260 17.2 13.5 20.9      139      107      171 15.7 12.0 19.4  47616  43567  51665                                        Grant County                                  MN est12_MN.txt 15NOV2013
27  53   151955   144801   159109 13.1 12.5 13.7    45436    41976    48896 17.3 16.0 18.6    29759    27125    32393 16.0 14.6 17.4  62500  61058  63942                                        Hennepin County                               MN est12_MN.txt 15NOV2013
27  55     1878     1576     2180 10.1  8.5 11.7      521      428      614 12.6 10.4 14.8      343      279      407 11.1  9.0 13.2  50523  47154  53892                                        Houston County                                MN est12_MN.txt 15NOV2013
27  57     2748     2296     3200 13.6 11.4 15.8      891      716     1066 21.2 17.1 25.3      590      466      714 19.5 15.4 23.6  44140  41537  46743                                        Hubbard County                                MN est12_MN.txt 15NOV2013
27  59     3455     2780     4130  9.1  7.3 10.9     1180      920     1440 12.6  9.8 15.4      783      598      968 11.4  8.7 14.1  58318  54182  62454                                        Isanti County                                 MN est12_MN.txt 15NOV2013
27  61     6112     5151     7073 13.8 11.6 16.0     1801     1438     2164 19.3 15.4 23.2     1227      966     1488 17.7 13.9 21.5  43504  41005  46003                                        Itasca County                                 MN est12_MN.txt 15NOV2013
27  63     1040      857     1223 10.2  8.4 12.0      361      290      432 15.9 12.8 19.0      230      181      279 13.7 10.8 16.6  52892  49284  56500                                        Jackson County                                MN est12_MN.txt 15NOV2013
27  65     2307     1929     2685 14.6 12.2 17.0      764      614      914 21.7 17.5 25.9      494      387      601 18.5 14.5 22.5  44229  41531  46927                                        Kanabec County                                MN est12_MN.txt 15NOV2013
27  67     5208     4473     5943 12.5 10.7 14.3     1939     1611     2267 19.9 16.5 23.3     1210      963     1457 17.3 13.8 20.8  48993  46119  51867                                        Kandiyohi County                              MN est12_MN.txt 15NOV2013
27  69      465      380      550 10.6  8.7 12.5      134      103      165 13.8 10.6 17.0       88       66      110 11.8  8.9 14.7  44299  40519  48079                                        Kittson County                                MN est12_MN.txt 15NOV2013
27  71     1665     1322     2008 12.9 10.3 15.5      564      432      696 21.4 16.4 26.4      379      285      473 18.8 14.1 23.5  43762  39763  47761                                        Koochiching County                            MN est12_MN.txt 15NOV2013
27  73      646      509      783  9.3  7.3 11.3      212      164      260 14.2 11.0 17.4      142      108      176 12.6  9.5 15.7  50963  47142  54784                                        Lac qui Parle County                          MN est12_MN.txt 15NOV2013
27  75     1207      986     1428 11.3  9.2 13.4      331      260      402 16.6 13.1 20.1      205      157      253 14.5 11.1 17.9  49369  45078  53660                                        Lake County                                   MN est12_MN.txt 15NOV2013
27  77      429      333      525 11.0  8.5 13.5      133      102      164 18.0 13.9 22.1       89       67      111 16.2 12.2 20.2  41084  38012  44156                                        Lake of the Woods County                      MN est12_MN.txt 15NOV2013
27  79     2203     1797     2609  8.0  6.5  9.5      713      557      869 10.5  8.2 12.8      480      369      591  9.5  7.3 11.7  58326  55454  61198                                        Le Sueur County                               MN est12_MN.txt 15NOV2013
27  81      589      477      701 10.3  8.3 12.3      164      129      199 12.9 10.1 15.7      106       81      131 11.6  8.9 14.3  43959  40267  47651                                        Lincoln County                                MN est12_MN.txt 15NOV2013
27  83     3049     2533     3565 12.3 10.2 14.4      979      791     1167 15.8 12.8 18.8      635      501      769 14.7 11.6 17.8  48753  45616  51890                                        Lyon County                                   MN est12_MN.txt 15NOV2013
27  85     2861     2315     3407  8.0  6.5  9.5      995      786     1204 11.3  8.9 13.7      637      488      786  9.8  7.5 12.1  54231  50394  58068                                        McLeod County                                 MN est12_MN.txt 15NOV2013
27  87     1155      963     1347 21.2 17.7 24.7      558      447      669 34.4 27.5 41.3      366      286      446 33.8 26.5 41.1  37754  35065  40443                                        Mahnomen County                               MN est12_MN.txt 15NOV2013
27  89      849      673     1025  9.1  7.2 11.0      279      215      343 13.0 10.0 16.0      183      139      227 11.6  8.8 14.4  52791  49876  55706                                        Marshall County                               MN est12_MN.txt 15NOV2013
27  91     2540     2079     3001 12.6 10.3 14.9      850      670     1030 19.3 15.2 23.4      554      424      684 17.0 13.0 21.0  47212  43221  51203                                        Martin County                                 MN est12_MN.txt 15NOV2013
27  93     2719     2336     3102 12.0 10.3 13.7      838      691      985 14.9 12.3 17.5      545      441      649 13.4 10.9 15.9  50174  47032  53316                                        Meeker County                                 MN est12_MN.txt 15NOV2013
27  95     3303     2801     3805 13.1 11.1 15.1     1119      906     1332 18.1 14.6 21.6      746      599      893 16.5 13.2 19.8  45101  41917  48285                                        Mille Lacs County                             MN est12_MN.txt 15NOV2013
27  97     3840     3256     4424 11.8 10.0 13.6     1204      927     1481 15.4 11.9 18.9      829      629     1029 14.7 11.2 18.2  48387  45057  51717                                        Morrison County                               MN est12_MN.txt 15NOV2013
27  99     5494     4753     6235 14.1 12.2 16.0     1780     1438     2122 18.3 14.8 21.8     1190      946     1434 17.3 13.8 20.8  46315  42436  50194                                        Mower County                                  MN est12_MN.txt 15NOV2013
27 101      847      706      988 10.0  8.3 11.7      246      197      295 13.4 10.7 16.1      159      125      193 11.9  9.3 14.5  50353  46011  54695                                        Murray County                                 MN est12_MN.txt 15NOV2013
27 103     3132     2584     3680 10.2  8.4 12.0      784      607      961 11.0  8.5 13.5      494      372      616  9.7  7.3 12.1  58882  54327  63437                                        Nicollet County                               MN est12_MN.txt 15NOV2013
27 105     2347     1876     2818 11.1  8.9 13.3      887      693     1081 16.1 12.6 19.6      581      442      720 15.3 11.6 19.0  47713  44448  50978                                        Nobles County                                 MN est12_MN.txt 15NOV2013
27 107      757      607      907 11.7  9.4 14.0      255      197      313 16.7 12.9 20.5      169      129      209 14.4 11.0 17.8  45043  41585  48501                                        Norman County                                 MN est12_MN.txt 15NOV2013
27 109    14125    12432    15818  9.8  8.6 11.0     4157     3386     4928 11.4  9.3 13.5     2710     2173     3247 10.6  8.5 12.7  64385  60877  67893                                        Olmsted County                                MN est12_MN.txt 15NOV2013
27 111     5892     4918     6866 10.5  8.8 12.2     1845     1443     2247 15.5 12.1 18.9     1202      908     1496 13.9 10.5 17.3  50645  49055  52235                                        Otter Tail County                             MN est12_MN.txt 15NOV2013
27 113     1490     1189     1791 10.8  8.6 13.0      489      384      594 15.1 11.9 18.3      321      245      397 14.1 10.8 17.4  46483  42606  50360                                        Pennington County                             MN est12_MN.txt 15NOV2013
27 115     3670     2984     4356 13.4 10.9 15.9     1267      987     1547 20.8 16.2 25.4      817      623     1011 18.4 14.0 22.8  45943  43689  48197                                        Pine County                                   MN est12_MN.txt 15NOV2013
27 117     1026      831     1221 11.2  9.1 13.3      344      268      420 15.2 11.8 18.6      220      167      273 13.3 10.1 16.5  47143  43619  50667                                        Pipestone County                              MN est12_MN.txt 15NOV2013
27 119     4098     3494     4702 13.6 11.6 15.6     1271     1016     1526 17.6 14.1 21.1      847      670     1024 16.2 12.8 19.6  47679  44045  51313                                        Polk County                                   MN est12_MN.txt 15NOV2013
27 121     1221      983     1459 11.4  9.2 13.6      358      284      432 15.8 12.5 19.1      229      177      281 14.2 11.0 17.4  50692  46571  54813                                        Pope County                                   MN est12_MN.txt 15NOV2013
27 123    85195    80140    90250 16.9 15.9 17.9    28770    26141    31399 24.0 21.8 26.2    18888    16819    20957 22.6 20.1 25.1  53707  51627  55787                                        Ramsey County                                 MN est12_MN.txt 15NOV2013
27 125      430      344      516 10.6  8.5 12.7      143      111      175 14.7 11.4 18.0       93       70      116 13.3 10.1 16.5  45228  41165  49291                                        Red Lake County                               MN est12_MN.txt 15NOV2013
27 127     1719     1452     1986 11.1  9.4 12.8      603      494      712 15.9 13.0 18.8      410      333      487 14.8 12.0 17.6  48775  45328  52222                                        Redwood County                                MN est12_MN.txt 15NOV2013
27 129     1577     1288     1866 10.5  8.6 12.4      562      434      690 16.4 12.7 20.1      376      287      465 15.0 11.4 18.6  50502  46379  54625                                        Renville County                               MN est12_MN.txt 15NOV2013
27 131     6137     5059     7215 10.7  8.8 12.6     1961     1610     2312 13.6 11.2 16.0     1171      911     1431 11.0  8.5 13.5  59332  56075  62589                                        Rice County                                   MN est12_MN.txt 15NOV2013
27 133      891      715     1067  9.6  7.7 11.5      280      214      346 11.8  9.0 14.6      183      137      229 10.4  7.8 13.0  51766  47149  56383                                        Rock County                                   MN est12_MN.txt 15NOV2013
27 135     1186      943     1429  7.8  6.2  9.4      427      329      525 11.0  8.5 13.5      282      213      351  9.6  7.3 11.9  53261  50093  56429                                        Roseau County                                 MN est12_MN.txt 15NOV2013
27 137    29124    26505    31743 15.2 13.8 16.6     6692     5617     7767 17.7 14.8 20.6     4303     3501     5105 15.9 12.9 18.9  46601  44716  48486                                        St. Louis County                              MN est12_MN.txt 15NOV2013
27 139     7129     5860     8398  5.3  4.4  6.2     2563     2010     3116  6.5  5.1  7.9     1689     1290     2088  5.8  4.4  7.2  86324  81225  91423                                        Scott County                                  MN est12_MN.txt 15NOV2013
27 141     5926     4788     7064  6.8  5.5  8.1     1932     1498     2366  7.8  6.1  9.5     1244      935     1553  6.8  5.1  8.5  69865  66566  73164                                        Sherburne County                              MN est12_MN.txt 15NOV2013
27 143     1569     1299     1839 10.5  8.7 12.3      567      472      662 15.5 12.9 18.1      337      268      406 12.4  9.9 14.9  53732  50778  56686                                        Sibley County                                 MN est12_MN.txt 15NOV2013
27 145    18747    16646    20848 13.0 11.5 14.5     4009     3177     4841 11.8  9.3 14.3     2622     2011     3233 10.7  8.2 13.2  53986  50930  57042                                        Stearns County                                MN est12_MN.txt 15NOV2013
27 147     2975     2358     3592  8.3  6.6 10.0     1177      908     1446 12.7  9.8 15.6      774      585      963 11.5  8.7 14.3  56940  53302  60578                                        Steele County                                 MN est12_MN.txt 15NOV2013
27 149     1120      919     1321 12.8 10.5 15.1      236      184      288 11.7  9.1 14.3      144      110      178 10.0  7.6 12.4  50832  46589  55075                                        Stevens County                                MN est12_MN.txt 15NOV2013
27 151     1069      876     1262 11.3  9.3 13.3      323      256      390 15.6 12.4 18.8      209      164      254 14.0 11.0 17.0  48660  44727  52593                                        Swift County                                  MN est12_MN.txt 15NOV2013
27 153     3677     3104     4250 15.2 12.8 17.6     1335     1099     1571 22.9 18.8 27.0      857      680     1034 20.7 16.4 25.0  46765  44538  48992                                        Todd County                                   MN est12_MN.txt 15NOV2013
27 155      394      309      479 11.8  9.3 14.3      131      101      161 18.2 14.1 22.3       86       65      107 15.8 12.0 19.6  45907  41993  49821                                        Traverse County                               MN est12_MN.txt 15NOV2013
27 157     1745     1418     2072  8.2  6.7  9.7      521      406      636 10.6  8.3 12.9      342      259      425  9.6  7.3 11.9  55686  51183  60189                                        Wabasha County                                MN est12_MN.txt 15NOV2013
27 159     2258     1845     2671 16.9 13.8 20.0      719      563      875 22.4 17.5 27.3      469      358      580 20.8 15.9 25.7  37577  34396  40758                                        Wadena County                                 MN est12_MN.txt 15NOV2013
27 161     1778     1423     2133  9.9  7.9 11.9      581      452      710 13.1 10.2 16.0      388      296      480 12.0  9.1 14.9  52927  48479  57375                                        Waseca County                                 MN est12_MN.txt 15NOV2013
27 163    13346    11740    14952  5.5  4.8  6.2     3866     3125     4607  6.2  5.0  7.4     2427     1862     2992  5.2  4.0  6.4  80647  77818  83476                                        Washington County                             MN est12_MN.txt 15NOV2013
27 165     1326     1081     1571 12.0  9.8 14.2      480      380      580 17.4 13.8 21.0      300      229      371 14.9 11.4 18.4  47115  44365  49865                                        Watonwan County                               MN est12_MN.txt 15NOV2013
27 167      615      489      741  9.6  7.6 11.6      201      157      245 12.9 10.0 15.8      132      101      163 11.3  8.7 13.9  51940  47669  56211                                        Wilkin County                                 MN est12_MN.txt 15NOV2013
27 169     6504     5386     7622 13.8 11.4 16.2     1343     1059     1627 14.3 11.3 17.3      846      646     1046 12.2  9.3 15.1  49753  46878  52628                                        Winona County                                 MN est12_MN.txt 15NOV2013
27 171     8858     7513    10203  7.0  5.9  8.1     3054     2488     3620  8.3  6.8  9.8     1847     1438     2256  6.9  5.4  8.4  72216  69013  75419                                        Wright County                                 MN est12_MN.txt 15NOV2013
27 173      924      734     1114  9.3  7.4 11.2      307      234      380 13.2 10.1 16.3      208      156      260 12.3  9.2 15.4  53266  50600  55932                                        Yellow Medicine County                        MN est12_MN.txt 15NOV2013
