27   0   592526   580125   604927 11.2 11.0 11.4   176274   169025   183523 14.0 13.4 14.6   119438   113415   125461 13.1 12.4 13.8  60664  60237  61091   52258   48524   55992 15.4 14.3 16.5 Minnesota                                     MN est13_MN.txt 05NOV2014
27   1     2060     1637     2483 13.3 10.6 16.0      620      472      768 23.3 17.7 28.9      421      307      535 20.8 15.2 26.4  41784  39224  44344                                        Aitkin County                                 MN est13_MN.txt 05NOV2014
27   3    25532    22246    28818  7.6  6.6  8.6     8485     7007     9963 10.3  8.5 12.1     5988     4857     7119  9.8  7.9 11.7  70619  68655  72583                                        Anoka County                                  MN est13_MN.txt 05NOV2014
27   5     4413     3698     5128 13.5 11.3 15.7     1544     1222     1866 19.3 15.3 23.3     1003      751     1255 16.9 12.7 21.1  49183  45880  52486                                        Becker County                                 MN est13_MN.txt 05NOV2014
27   7     8829     7529    10129 20.2 17.2 23.2     3044     2458     3630 27.3 22.0 32.6     2021     1579     2463 26.3 20.5 32.1  42364  39139  45589                                        Beltrami County                               MN est13_MN.txt 05NOV2014
27   9     4575     3810     5340 11.9  9.9 13.9     1340     1081     1599 14.3 11.5 17.1      854      661     1047 12.7  9.8 15.6  51564  48326  54802                                        Benton County                                 MN est13_MN.txt 05NOV2014
27  11      639      501      777 12.8 10.0 15.6      194      151      237 19.2 15.0 23.4      134      100      168 18.5 13.8 23.2  44637  40613  48661                                        Big Stone County                              MN est13_MN.txt 05NOV2014
27  13    10431     9293    11569 17.0 15.1 18.9     1698     1299     2097 13.5 10.3 16.7     1163      853     1473 13.1  9.6 16.6  51283  48802  53764                                        Blue Earth County                             MN est13_MN.txt 05NOV2014
27  15     2332     1932     2732  9.6  8.0 11.2      628      496      760 11.6  9.2 14.0      423      318      528 10.7  8.0 13.4  52061  47858  56264                                        Brown County                                  MN est13_MN.txt 05NOV2014
27  17     4086     3376     4796 12.1 10.0 14.2     1120      905     1335 14.1 11.4 16.8      775      616      934 13.3 10.6 16.0  52670  49380  55960                                        Carlton County                                MN est13_MN.txt 05NOV2014
27  19     4605     3726     5484  4.9  4.0  5.8     1387     1072     1702  5.2  4.0  6.4      931      699     1163  4.5  3.4  5.6  86759  80750  92768                                        Carver County                                 MN est13_MN.txt 05NOV2014
27  21     4329     3638     5020 15.3 12.9 17.7     1569     1273     1865 26.6 21.6 31.6     1045      817     1273 24.2 18.9 29.5  48367  46222  50512                                        Cass County                                   MN est13_MN.txt 05NOV2014
27  23     1320     1082     1558 11.1  9.1 13.1      444      361      527 16.2 13.2 19.2      310      247      373 15.3 12.2 18.4  55232  52426  58038                                        Chippewa County                               MN est13_MN.txt 05NOV2014
27  25     3571     2841     4301  6.8  5.4  8.2     1039      793     1285  8.2  6.3 10.1      669      485      853  6.9  5.0  8.8  71397  68487  74307                                        Chisago County                                MN est13_MN.txt 05NOV2014
27  27     7063     5831     8295 12.4 10.2 14.6     1829     1438     2220 13.3 10.5 16.1     1183      887     1479 12.1  9.1 15.1  52567  47985  57149                                        Clay County                                   MN est13_MN.txt 05NOV2014
27  29     1426     1172     1680 16.4 13.5 19.3      529      414      644 24.6 19.3 29.9      357      271      443 22.6 17.2 28.0  44123  40995  47251                                        Clearwater County                             MN est13_MN.txt 05NOV2014
27  31      522      404      640 10.1  7.8 12.4      141      109      173 16.5 12.7 20.3       92       68      116 15.1 11.2 19.0  48124  43952  52296                                        Cook County                                   MN est13_MN.txt 05NOV2014
27  33     1653     1379     1927 14.5 12.1 16.9      505      402      608 19.0 15.1 22.9      337      258      416 17.5 13.4 21.6  45453  41144  49762                                        Cottonwood County                             MN est13_MN.txt 05NOV2014
27  35     7053     5738     8368 11.3  9.2 13.4     2267     1737     2797 16.4 12.6 20.2     1447     1045     1849 14.4 10.4 18.4  48661  46148  51174                                        Crow Wing County                              MN est13_MN.txt 05NOV2014
27  37    33987    30336    37638  8.4  7.5  9.3    10203     8748    11658 10.0  8.6 11.4     7112     6018     8206  9.5  8.0 11.0  73833  70365  77301                                        Dakota County                                 MN est13_MN.txt 05NOV2014
27  39     1477     1166     1788  7.3  5.8  8.8      535      416      654  9.6  7.5 11.7      355      265      445  8.4  6.3 10.5  73799  70245  77353                                        Dodge County                                  MN est13_MN.txt 05NOV2014
27  41     3757     3111     4403 10.4  8.6 12.2      991      770     1212 13.0 10.1 15.9      678      509      847 12.1  9.1 15.1  52122  48740  55504                                        Douglas County                                MN est13_MN.txt 05NOV2014
27  43     1595     1276     1914 11.5  9.2 13.8      531      406      656 18.2 13.9 22.5      345      251      439 16.1 11.7 20.5  47191  43326  51056                                        Faribault County                              MN est13_MN.txt 05NOV2014
27  45     2192     1752     2632 10.7  8.5 12.9      784      610      958 16.1 12.5 19.7      511      378      644 14.4 10.7 18.1  51323  48965  53681                                        Fillmore County                               MN est13_MN.txt 05NOV2014
27  47     3191     2489     3893 10.5  8.2 12.8     1116      849     1383 16.9 12.8 21.0      727      524      930 15.2 11.0 19.4  47698  45507  49889                                        Freeborn County                               MN est13_MN.txt 05NOV2014
27  49     4253     3516     4990  9.3  7.7 10.9     1221      958     1484 11.6  9.1 14.1      828      621     1035 10.7  8.0 13.4  61428  57485  65371                                        Goodhue County                                MN est13_MN.txt 05NOV2014
27  51      631      498      764 10.7  8.4 13.0      205      158      252 16.4 12.7 20.1      142      106      178 15.5 11.6 19.4  49618  44961  54275                                        Grant County                                  MN est13_MN.txt 05NOV2014
27  53   143427   134507   152347 12.2 11.4 13.0    40346    36163    44529 15.3 13.7 16.9    27780    24782    30778 15.0 13.4 16.6  64331  62947  65715                                        Hennepin County                               MN est13_MN.txt 05NOV2014
27  55     1937     1603     2271 10.4  8.6 12.2      479      383      575 11.9  9.5 14.3      334      261      407 10.9  8.5 13.3  51160  47131  55189                                        Houston County                                MN est13_MN.txt 05NOV2014
27  57     2733     2229     3237 13.4 10.9 15.9      881      686     1076 21.0 16.4 25.6      597      446      748 19.8 14.8 24.8  46530  44373  48687                                        Hubbard County                                MN est13_MN.txt 05NOV2014
27  59     3151     2548     3754  8.4  6.8 10.0      994      745     1243 10.8  8.1 13.5      714      517      911 10.4  7.5 13.3  58436  54391  62481                                        Isanti County                                 MN est13_MN.txt 05NOV2014
27  61     5815     4659     6971 13.1 10.5 15.7     1911     1509     2313 20.5 16.2 24.8     1221      923     1519 17.8 13.4 22.2  46834  43427  50241                                        Itasca County                                 MN est13_MN.txt 05NOV2014
27  63      975      771     1179  9.6  7.6 11.6      319      244      394 14.0 10.7 17.3      222      164      280 13.1  9.7 16.5  56397  51480  61314                                        Jackson County                                MN est13_MN.txt 05NOV2014
27  65     2246     1866     2626 14.2 11.8 16.6      744      596      892 21.6 17.3 25.9      531      416      646 20.0 15.7 24.3  46940  43204  50676                                        Kanabec County                                MN est13_MN.txt 05NOV2014
27  67     4967     4001     5933 11.9  9.6 14.2     1767     1383     2151 18.1 14.2 22.0     1232      933     1531 17.6 13.3 21.9  53290  51095  55485                                        Kandiyohi County                              MN est13_MN.txt 05NOV2014
27  69      443      352      534 10.1  8.0 12.2      129      100      158 13.2 10.3 16.1       88       65      111 11.7  8.7 14.7  48458  44212  52704                                        Kittson County                                MN est13_MN.txt 05NOV2014
27  71     2183     1820     2546 16.9 14.1 19.7      588      464      712 22.9 18.1 27.7      403      305      501 20.6 15.6 25.6  44817  40686  48948                                        Koochiching County                            MN est13_MN.txt 05NOV2014
27  73      719      572      866 10.5  8.4 12.6      208      162      254 14.3 11.2 17.4      145      110      180 13.4 10.1 16.7  46805  42987  50623                                        Lac qui Parle County                          MN est13_MN.txt 05NOV2014
27  75     1178      943     1413 11.1  8.9 13.3      325      254      396 16.6 13.0 20.2      212      159      265 15.0 11.3 18.7  50875  45914  55836                                        Lake County                                   MN est13_MN.txt 05NOV2014
27  77      480      370      590 12.4  9.5 15.3      142      109      175 19.9 15.3 24.5       99       73      125 18.9 14.0 23.8  42644  38702  46586                                        Lake of the Woods County                      MN est13_MN.txt 05NOV2014
27  79     2435     1973     2897  8.9  7.2 10.6      765      591      939 11.2  8.7 13.7      520      383      657 10.2  7.5 12.9  60190  57224  63156                                        Le Sueur County                               MN est13_MN.txt 05NOV2014
27  81      651      534      768 11.4  9.3 13.5      176      137      215 13.6 10.6 16.6      123       93      153 13.0  9.8 16.2  48205  44193  52217                                        Lincoln County                                MN est13_MN.txt 05NOV2014
27  83     3159     2669     3649 12.8 10.8 14.8      939      744     1134 15.2 12.0 18.4      601      447      755 13.9 10.3 17.5  51011  48138  53884                                        Lyon County                                   MN est13_MN.txt 05NOV2014
27  85     3109     2501     3717  8.8  7.1 10.5     1014      803     1225 11.8  9.3 14.3      689      524      854 10.8  8.2 13.4  54971  51568  58374                                        McLeod County                                 MN est13_MN.txt 05NOV2014
27  87     1320     1124     1516 24.3 20.7 27.9      624      509      739 38.3 31.3 45.3      398      308      488 37.9 29.4 46.4  39706  36188  43224                                        Mahnomen County                               MN est13_MN.txt 05NOV2014
27  89      859      673     1045  9.2  7.2 11.2      287      221      353 13.6 10.5 16.7      196      145      247 12.4  9.2 15.6  53692  49563  57821                                        Marshall County                               MN est13_MN.txt 05NOV2014
27  91     2325     1799     2851 11.6  9.0 14.2      769      592      946 17.8 13.7 21.9      522      383      661 16.2 11.9 20.5  51118  46969  55267                                        Martin County                                 MN est13_MN.txt 05NOV2014
27  93     2129     1702     2556  9.4  7.5 11.3      685      527      843 12.2  9.4 15.0      468      348      588 11.3  8.4 14.2  55327  51996  58658                                        Meeker County                                 MN est13_MN.txt 05NOV2014
27  95     3056     2499     3613 12.1  9.9 14.3     1081      845     1317 17.9 14.0 21.8      711      528      894 16.1 12.0 20.2  48978  46093  51863                                        Mille Lacs County                             MN est13_MN.txt 05NOV2014
27  97     3951     3238     4664 12.2 10.0 14.4     1265      976     1554 16.4 12.7 20.1      851      631     1071 15.0 11.1 18.9  48716  45418  52014                                        Morrison County                               MN est13_MN.txt 05NOV2014
27  99     5300     4385     6215 13.7 11.3 16.1     1777     1421     2133 18.7 15.0 22.4     1212      938     1486 18.0 13.9 22.1  50479  47947  53011                                        Mower County                                  MN est13_MN.txt 05NOV2014
27 101      803      645      961  9.6  7.7 11.5      237      183      291 13.1 10.1 16.1      159      117      201 11.9  8.7 15.1  53300  49423  57177                                        Murray County                                 MN est13_MN.txt 05NOV2014
27 103     3506     2946     4066 11.4  9.6 13.2      843      667     1019 11.7  9.3 14.1      559      425      693 10.8  8.2 13.4  58620  54253  62987                                        Nicollet County                               MN est13_MN.txt 05NOV2014
27 105     3016     2486     3546 14.2 11.7 16.7     1073      863     1283 19.4 15.6 23.2      703      533      873 18.5 14.0 23.0  50936  47752  54120                                        Nobles County                                 MN est13_MN.txt 05NOV2014
27 107      879      709     1049 13.6 11.0 16.2      297      235      359 19.8 15.7 23.9      208      161      255 17.6 13.7 21.5  45276  41105  49447                                        Norman County                                 MN est13_MN.txt 05NOV2014
27 109    12153    10113    14193  8.3  6.9  9.7     3782     2944     4620 10.3  8.0 12.6     2510     1867     3153  9.7  7.2 12.2  65829  63509  68149                                        Olmsted County                                MN est13_MN.txt 05NOV2014
27 111     6667     5623     7711 11.8 10.0 13.6     1985     1592     2378 16.5 13.2 19.8     1370     1074     1666 15.6 12.2 19.0  48157  46126  50188                                        Otter Tail County                             MN est13_MN.txt 05NOV2014
27 113     1475     1176     1774 10.7  8.5 12.9      471      361      581 14.6 11.2 18.0      327      241      413 14.5 10.7 18.3  47300  43368  51232                                        Pennington County                             MN est13_MN.txt 05NOV2014
27 115     4265     3521     5009 15.7 13.0 18.4     1359     1068     1650 23.2 18.2 28.2      910      684     1136 20.9 15.7 26.1  43026  39893  46159                                        Pine County                                   MN est13_MN.txt 05NOV2014
27 117     1126      908     1344 12.4 10.0 14.8      382      301      463 17.2 13.5 20.9      258      196      320 15.8 12.0 19.6  47613  44824  50402                                        Pipestone County                              MN est13_MN.txt 05NOV2014
27 119     4033     3364     4702 13.3 11.1 15.5     1256      993     1519 17.4 13.8 21.0      844      641     1047 16.0 12.1 19.9  52706  50378  55034                                        Polk County                                   MN est13_MN.txt 05NOV2014
27 121     1181      950     1412 11.0  8.9 13.1      306      235      377 13.5 10.4 16.6      213      158      268 13.0  9.6 16.4  55404  51347  59461                                        Pope County                                   MN est13_MN.txt 05NOV2014
27 123    82805    77293    88317 16.2 15.1 17.3    27140    24154    30126 22.5 20.0 25.0    18057    15852    20262 21.5 18.9 24.1  56293  54356  58230                                        Ramsey County                                 MN est13_MN.txt 05NOV2014
27 125      448      359      537 11.2  9.0 13.4      136      106      166 14.2 11.1 17.3       93       70      116 13.4 10.1 16.7  45019  40889  49149                                        Red Lake County                               MN est13_MN.txt 05NOV2014
27 127     1571     1290     1852 10.2  8.4 12.0      520      401      639 13.7 10.6 16.8      342      249      435 12.2  8.9 15.5  50453  46660  54246                                        Redwood County                                MN est13_MN.txt 05NOV2014
27 129     1748     1432     2064 11.8  9.7 13.9      592      474      710 17.8 14.2 21.4      375      281      469 15.5 11.6 19.4  53823  50378  57268                                        Renville County                               MN est13_MN.txt 05NOV2014
27 131     6650     5441     7859 11.6  9.5 13.7     1975     1594     2356 13.9 11.2 16.6     1341     1054     1628 12.9 10.1 15.7  58644  55076  62212                                        Rice County                                   MN est13_MN.txt 05NOV2014
27 133      972      782     1162 10.5  8.4 12.6      314      248      380 13.5 10.7 16.3      207      157      257 11.9  9.0 14.8  54045  48803  59287                                        Rock County                                   MN est13_MN.txt 05NOV2014
27 135     1331     1050     1612  8.7  6.9 10.5      449      348      550 11.9  9.2 14.6      303      223      383 10.7  7.9 13.5  51576  48571  54581                                        Roseau County                                 MN est13_MN.txt 05NOV2014
27 137    31806    28843    34769 16.5 15.0 18.0     7120     6005     8235 19.0 16.0 22.0     4991     4169     5813 18.4 15.4 21.4  46022  44217  47827                                        St. Louis County                              MN est13_MN.txt 05NOV2014
27 139     8032     6676     9388  5.9  4.9  6.9     2652     2114     3190  6.7  5.3  8.1     1784     1353     2215  6.1  4.6  7.6  85481  79952  91010                                        Scott County                                  MN est13_MN.txt 05NOV2014
27 141     5722     4597     6847  6.5  5.2  7.8     1882     1470     2294  7.7  6.0  9.4     1282      966     1598  7.0  5.3  8.7  74915  69867  79963                                        Sherburne County                              MN est13_MN.txt 05NOV2014
27 143     1452     1162     1742  9.8  7.8 11.8      500      394      606 13.7 10.8 16.6      315      236      394 11.5  8.6 14.4  56007  51184  60830                                        Sibley County                                 MN est13_MN.txt 05NOV2014
27 145    18417    16083    20751 12.7 11.1 14.3     4282     3404     5160 12.6 10.0 15.2     2886     2220     3552 11.8  9.1 14.5  56705  54000  59410                                        Stearns County                                MN est13_MN.txt 05NOV2014
27 147     3853     3231     4475 10.7  9.0 12.4     1310     1049     1571 14.4 11.5 17.3      888      687     1089 13.4 10.4 16.4  53932  50484  57380                                        Steele County                                 MN est13_MN.txt 05NOV2014
27 149     1229     1035     1423 14.0 11.8 16.2      226      176      276 11.4  8.9 13.9      145      111      179  9.9  7.6 12.2  56140  50835  61445                                        Stevens County                                MN est13_MN.txt 05NOV2014
27 151      970      764     1176 10.3  8.1 12.5      288      221      355 14.2 10.9 17.5      195      145      245 13.4  9.9 16.9  52083  47633  56533                                        Swift County                                  MN est13_MN.txt 05NOV2014
27 153     3237     2592     3882 13.5 10.8 16.2     1181      927     1435 20.8 16.3 25.3      823      625     1021 20.3 15.4 25.2  43974  41086  46862                                        Todd County                                   MN est13_MN.txt 05NOV2014
27 155      397      305      489 11.9  9.1 14.7      133      103      163 18.3 14.1 22.5       92       68      116 17.1 12.7 21.5  50451  45604  55298                                        Traverse County                               MN est13_MN.txt 05NOV2014
27 157     1984     1651     2317  9.4  7.8 11.0      560      446      674 11.7  9.3 14.1      400      313      487 11.4  8.9 13.9  52617  48985  56249                                        Wabasha County                                MN est13_MN.txt 05NOV2014
27 159     2073     1635     2511 15.5 12.2 18.8      670      508      832 20.3 15.4 25.2      456      332      580 18.9 13.8 24.0  39805  36230  43380                                        Wadena County                                 MN est13_MN.txt 05NOV2014
27 161     1832     1440     2224 10.3  8.1 12.5      601      467      735 14.0 10.9 17.1      420      315      525 13.2  9.9 16.5  53448  48981  57915                                        Waseca County                                 MN est13_MN.txt 05NOV2014
27 163    14085    12153    16017  5.8  5.0  6.6     4297     3521     5073  6.9  5.6  8.2     2771     2135     3407  5.9  4.5  7.3  81052  78709  83395                                        Washington County                             MN est13_MN.txt 05NOV2014
27 165     1229      953     1505 11.2  8.7 13.7      467      357      577 17.3 13.2 21.4      314      229      399 15.9 11.6 20.2  48064  44070  52058                                        Watonwan County                               MN est13_MN.txt 05NOV2014
27 167      703      573      833 11.0  9.0 13.0      208      161      255 13.7 10.6 16.8      144      106      182 12.8  9.4 16.2  52849  48354  57344                                        Wilkin County                                 MN est13_MN.txt 05NOV2014
27 169     6741     5689     7793 14.4 12.2 16.6     1285     1003     1567 14.0 10.9 17.1      872      657     1087 12.6  9.5 15.7  49636  45976  53296                                        Winona County                                 MN est13_MN.txt 05NOV2014
27 171     8993     7564    10422  7.1  6.0  8.2     2984     2407     3561  8.2  6.6  9.8     1938     1504     2372  7.2  5.6  8.8  71999  68372  75626                                        Wright County                                 MN est13_MN.txt 05NOV2014
27 173     1070      875     1265 10.8  8.8 12.8      325      256      394 14.1 11.1 17.1      223      169      277 13.2 10.0 16.4  50311  46346  54276                                        Yellow Medicine County                        MN est13_MN.txt 05NOV2014
