27   0   607870   594503   621237 11.4 11.1 11.7   186025   178092   193958 14.8 14.2 15.4   123053   116214   129892 13.5 12.8 14.2  61473  61010  61936   57480   53738   61222 16.8 15.7 17.9 Minnesota                                     MN est14_MN.txt 06NOV2015
27   1     2306     1908     2704 14.9 12.3 17.5      645      499      791 23.9 18.5 29.3      432      327      537 21.1 16.0 26.2  40676  37647  43705                                        Aitkin County                                 MN est14_MN.txt 06NOV2015
27   3    25800    22650    28950  7.6  6.7  8.5     8767     7194    10340 10.7  8.8 12.6     5969     4815     7123  9.8  7.9 11.7  70868  68885  72851                                        Anoka County                                  MN est14_MN.txt 06NOV2015
27   5     4793     4140     5446 14.6 12.6 16.6     1536     1228     1844 19.1 15.3 22.9     1016      785     1247 17.2 13.3 21.1  51116  48338  53894                                        Becker County                                 MN est14_MN.txt 06NOV2015
27   7     8056     6917     9195 18.5 15.9 21.1     2785     2157     3413 24.8 19.2 30.4     1862     1394     2330 24.1 18.0 30.2  43706  40801  46611                                        Beltrami County                               MN est14_MN.txt 06NOV2015
27   9     5272     4622     5922 13.6 11.9 15.3     1412     1148     1676 14.8 12.0 17.6      892      705     1079 13.0 10.3 15.7  52531  48263  56799                                        Benton County                                 MN est14_MN.txt 06NOV2015
27  11      640      507      773 12.8 10.1 15.5      176      134      218 17.0 13.0 21.0      122       92      152 16.9 12.8 21.0  46495  42292  50698                                        Big Stone County                              MN est14_MN.txt 06NOV2015
27  13    11095    10051    12139 17.9 16.2 19.6     2130     1758     2502 16.8 13.9 19.7     1372     1105     1639 15.3 12.3 18.3  49513  45980  53046                                        Blue Earth County                             MN est14_MN.txt 06NOV2015
27  15     2153     1701     2605  8.9  7.0 10.8      632      491      773 11.7  9.1 14.3      416      315      517 10.4  7.9 12.9  52272  48496  56048                                        Brown County                                  MN est14_MN.txt 06NOV2015
27  17     4086     3434     4738 12.1 10.2 14.0     1085      866     1304 13.7 10.9 16.5      702      546      858 12.0  9.3 14.7  53291  49850  56732                                        Carlton County                                MN est14_MN.txt 06NOV2015
27  19     4613     3665     5561  4.8  3.8  5.8     1477     1158     1796  5.5  4.3  6.7      973      755     1191  4.7  3.6  5.8  88500  81930  95070                                        Carver County                                 MN est14_MN.txt 06NOV2015
27  21     4434     3773     5095 15.7 13.4 18.0     1521     1214     1828 25.9 20.7 31.1     1051      821     1281 24.5 19.1 29.9  45179  42979  47379                                        Cass County                                   MN est14_MN.txt 06NOV2015
27  23     1371     1115     1627 11.5  9.3 13.7      480      388      572 17.5 14.1 20.9      291      224      358 14.5 11.2 17.8  51274  46143  56405                                        Chippewa County                               MN est14_MN.txt 06NOV2015
27  25     3251     2484     4018  6.2  4.7  7.7      921      662     1180  7.3  5.2  9.4      613      437      789  6.4  4.6  8.2  75122  71846  78398                                        Chisago County                                MN est14_MN.txt 06NOV2015
27  27     7704     6367     9041 13.3 11.0 15.6     2063     1615     2511 14.7 11.5 17.9     1344     1025     1663 13.5 10.3 16.7  55560  51357  59763                                        Clay County                                   MN est14_MN.txt 06NOV2015
27  29     1540     1289     1791 17.8 14.9 20.7      574      457      691 26.8 21.3 32.3      382      297      467 23.7 18.4 29.0  43674  40488  46860                                        Clearwater County                             MN est14_MN.txt 06NOV2015
27  31      537      418      656 10.4  8.1 12.7      136      103      169 16.2 12.3 20.1       90       67      113 14.4 10.8 18.0  48593  43934  53252                                        Cook County                                   MN est14_MN.txt 06NOV2015
27  33     1473     1198     1748 12.9 10.5 15.3      513      403      623 18.9 14.9 22.9      344      268      420 17.8 13.9 21.7  48176  44190  52162                                        Cottonwood County                             MN est14_MN.txt 06NOV2015
27  35     6815     5572     8058 10.9  8.9 12.9     2245     1706     2784 16.3 12.4 20.2     1449     1072     1826 14.4 10.7 18.1  50162  48041  52283                                        Crow Wing County                              MN est14_MN.txt 06NOV2015
27  37    29892    26347    33437  7.3  6.4  8.2     9827     8289    11365  9.6  8.1 11.1     6516     5427     7605  8.7  7.2 10.2  76269  74590  77948                                        Dakota County                                 MN est14_MN.txt 06NOV2015
27  39     1531     1234     1828  7.6  6.1  9.1      564      445      683 10.2  8.0 12.4      377      293      461  8.9  6.9 10.9  68777  64399  73155                                        Dodge County                                  MN est14_MN.txt 06NOV2015
27  41     3474     2824     4124  9.6  7.8 11.4      973      771     1175 12.7 10.1 15.3      643      502      784 11.4  8.9 13.9  52298  49030  55566                                        Douglas County                                MN est14_MN.txt 06NOV2015
27  43     1866     1568     2164 13.5 11.3 15.7      630      506      754 21.1 16.9 25.3      444      357      531 20.3 16.3 24.3  48163  45168  51158                                        Faribault County                              MN est14_MN.txt 06NOV2015
27  45     2360     1925     2795 11.6  9.5 13.7      826      635     1017 16.9 13.0 20.8      561      423      699 15.7 11.8 19.6  52444  49130  55758                                        Fillmore County                               MN est14_MN.txt 06NOV2015
27  47     3774     3092     4456 12.5 10.2 14.8     1216      968     1464 18.4 14.6 22.2      806      629      983 16.8 13.1 20.5  47203  43573  50833                                        Freeborn County                               MN est14_MN.txt 06NOV2015
27  49     4377     3691     5063  9.6  8.1 11.1     1232      984     1480 11.9  9.5 14.3      867      691     1043 11.3  9.0 13.6  60869  55876  65862                                        Goodhue County                                MN est14_MN.txt 06NOV2015
27  51      615      476      754 10.5  8.1 12.9      219      166      272 17.3 13.1 21.5      151      113      189 16.3 12.2 20.4  48179  43661  52697                                        Grant County                                  MN est14_MN.txt 06NOV2015
27  53   154785   146207   163363 13.0 12.3 13.7    45438    41490    49386 17.1 15.6 18.6    29503    26493    32513 15.9 14.3 17.5  64490  62862  66118                                        Hennepin County                               MN est14_MN.txt 06NOV2015
27  55     1560     1250     1870  8.4  6.7 10.1      422      320      524 10.7  8.1 13.3      276      205      347  9.2  6.8 11.6  59900  56998  62802                                        Houston County                                MN est14_MN.txt 06NOV2015
27  57     2491     2024     2958 12.2  9.9 14.5      817      629     1005 19.3 14.8 23.8      549      411      687 18.1 13.6 22.6  47944  44516  51372                                        Hubbard County                                MN est14_MN.txt 06NOV2015
27  59     2971     2320     3622  7.8  6.1  9.5     1073      814     1332 11.7  8.9 14.5      736      549      923 10.7  8.0 13.4  65342  61212  69472                                        Isanti County                                 MN est14_MN.txt 06NOV2015
27  61     6545     5514     7576 14.7 12.4 17.0     2037     1655     2419 21.8 17.7 25.9     1362     1091     1633 19.9 16.0 23.8  48525  45351  51699                                        Itasca County                                 MN est14_MN.txt 06NOV2015
27  63      992      798     1186  9.8  7.9 11.7      343      270      416 15.0 11.8 18.2      240      188      292 14.4 11.3 17.5  53700  48884  58516                                        Jackson County                                MN est14_MN.txt 06NOV2015
27  65     2166     1828     2504 13.8 11.6 16.0      707      564      850 21.0 16.7 25.3      461      351      571 17.8 13.6 22.0  48908  45953  51863                                        Kanabec County                                MN est14_MN.txt 06NOV2015
27  67     4783     3899     5667 11.5  9.4 13.6     1823     1451     2195 18.7 14.9 22.5     1220      931     1509 17.4 13.3 21.5  57405  54562  60248                                        Kandiyohi County                              MN est14_MN.txt 06NOV2015
27  69      427      332      522  9.9  7.7 12.1      130       99      161 13.6 10.4 16.8       88       66      110 12.2  9.2 15.2  50372  45982  54762                                        Kittson County                                MN est14_MN.txt 06NOV2015
27  71     1933     1545     2321 15.3 12.2 18.4      536      413      659 22.5 17.3 27.7      373      285      461 20.0 15.3 24.7  44113  40199  48027                                        Koochiching County                            MN est14_MN.txt 06NOV2015
27  73      700      563      837 10.4  8.4 12.4      198      150      246 14.3 10.8 17.8      139      104      174 13.5 10.1 16.9  48245  43871  52619                                        Lac qui Parle County                          MN est14_MN.txt 06NOV2015
27  75     1098      890     1306 10.5  8.5 12.5      300      233      367 15.3 11.9 18.7      193      145      241 13.5 10.1 16.9  52381  47557  57205                                        Lake County                                   MN est14_MN.txt 06NOV2015
27  77      412      309      515 10.7  8.0 13.4      131      100      162 18.6 14.2 23.0       90       67      113 17.0 12.7 21.3  44727  40200  49254                                        Lake of the Woods County                      MN est14_MN.txt 06NOV2015
27  79     2434     1982     2886  8.9  7.3 10.5      730      564      896 10.9  8.4 13.4      515      397      633 10.1  7.8 12.4  61665  59235  64095                                        Le Sueur County                               MN est14_MN.txt 06NOV2015
27  81      577      462      692 10.2  8.2 12.2      170      128      212 13.2  9.9 16.5      117       87      147 12.1  9.0 15.2  48449  44607  52291                                        Lincoln County                                MN est14_MN.txt 06NOV2015
27  83     2839     2294     3384 11.5  9.3 13.7      990      773     1207 15.7 12.2 19.2      677      516      838 15.2 11.6 18.8  53552  49176  57928                                        Lyon County                                   MN est14_MN.txt 06NOV2015
27  85     2797     2214     3380  7.9  6.3  9.5      941      723     1159 11.2  8.6 13.8      660      505      815 10.7  8.2 13.2  60114  57012  63216                                        McLeod County                                 MN est14_MN.txt 06NOV2015
27  87     1063      874     1252 19.6 16.1 23.1      535      413      657 32.6 25.2 40.0      357      267      447 32.7 24.4 41.0  39926  36555  43297                                        Mahnomen County                               MN est14_MN.txt 06NOV2015
27  89      891      726     1056  9.6  7.8 11.4      272      211      333 12.8  9.9 15.7      188      146      230 12.1  9.4 14.8  54433  51000  57866                                        Marshall County                               MN est14_MN.txt 06NOV2015
27  91     2434     1940     2928 12.2  9.7 14.7      840      655     1025 19.5 15.2 23.8      558      421      695 17.4 13.1 21.7  52042  48319  55765                                        Martin County                                 MN est14_MN.txt 06NOV2015
27  93     2268     1857     2679 10.0  8.2 11.8      736      580      892 13.1 10.3 15.9      501      389      613 12.0  9.3 14.7  54354  51565  57143                                        Meeker County                                 MN est14_MN.txt 06NOV2015
27  95     3035     2489     3581 12.0  9.8 14.2     1047      800     1294 17.3 13.2 21.4      713      528      898 16.2 12.0 20.4  48434  45142  51726                                        Mille Lacs County                             MN est14_MN.txt 06NOV2015
27  97     3839     3168     4510 11.8  9.7 13.9     1205      917     1493 15.8 12.0 19.6      823      620     1026 14.7 11.1 18.3  50685  48144  53226                                        Morrison County                               MN est14_MN.txt 06NOV2015
27  99     4700     3815     5585 12.1  9.8 14.4     1557     1191     1923 16.3 12.5 20.1     1080      817     1343 15.7 11.9 19.5  47537  43276  51798                                        Mower County                                  MN est14_MN.txt 06NOV2015
27 101      796      634      958  9.6  7.6 11.6      240      185      295 13.3 10.3 16.3      161      122      200 12.3  9.3 15.3  52219  49256  55182                                        Murray County                                 MN est14_MN.txt 06NOV2015
27 103     3134     2555     3713 10.2  8.3 12.1      814      621     1007 11.4  8.7 14.1      550      415      685 10.5  7.9 13.1  61279  56443  66115                                        Nicollet County                               MN est14_MN.txt 06NOV2015
27 105     2769     2232     3306 13.0 10.5 15.5     1011      800     1222 18.1 14.3 21.9      634      476      792 16.5 12.4 20.6  50684  47710  53658                                        Nobles County                                 MN est14_MN.txt 06NOV2015
27 107      868      705     1031 13.4 10.9 15.9      287      228      346 19.0 15.1 22.9      190      148      232 16.4 12.8 20.0  51597  48170  55024                                        Norman County                                 MN est14_MN.txt 06NOV2015
27 109    14462    12700    16224  9.8  8.6 11.0     4718     3951     5485 12.9 10.8 15.0     3137     2572     3702 12.1  9.9 14.3  69430  64999  73861                                        Olmsted County                                MN est14_MN.txt 06NOV2015
27 111     6363     5321     7405 11.2  9.4 13.0     1948     1537     2359 16.1 12.7 19.5     1333     1021     1645 15.2 11.6 18.8  51510  49136  53884                                        Otter Tail County                             MN est14_MN.txt 06NOV2015
27 113     1274      994     1554  9.3  7.3 11.3      401      302      500 12.7  9.6 15.8      273      203      343 12.3  9.2 15.4  50905  46639  55171                                        Pennington County                             MN est14_MN.txt 06NOV2015
27 115     4762     4163     5361 17.5 15.3 19.7     1459     1233     1685 25.1 21.2 29.0      933      760     1106 21.3 17.4 25.2  42157  40107  44207                                        Pine County                                   MN est14_MN.txt 06NOV2015
27 117     1110      885     1335 12.2  9.7 14.7      407      314      500 18.1 14.0 22.2      274      208      340 16.7 12.7 20.7  47164  43630  50698                                        Pipestone County                              MN est14_MN.txt 06NOV2015
27 119     3875     3224     4526 12.7 10.6 14.8     1150      892     1408 15.8 12.3 19.3      768      578      958 14.6 11.0 18.2  50175  46757  53593                                        Polk County                                   MN est14_MN.txt 06NOV2015
27 121     1129      910     1348 10.4  8.4 12.4      306      234      378 13.3 10.2 16.4      212      161      263 12.9  9.8 16.0  51343  47279  55407                                        Pope County                                   MN est14_MN.txt 06NOV2015
27 123    85264    79025    91503 16.5 15.3 17.7    29535    26252    32818 24.1 21.4 26.8    19869    17487    22251 23.4 20.6 26.2  55070  53404  56736                                        Ramsey County                                 MN est14_MN.txt 06NOV2015
27 125      368      284      452  9.2  7.1 11.3      114       86      142 11.5  8.7 14.3       74       55       93 10.7  8.0 13.4  48188  43673  52703                                        Red Lake County                               MN est14_MN.txt 06NOV2015
27 127     1886     1605     2167 12.4 10.5 14.3      678      561      795 18.3 15.2 21.4      460      377      543 16.9 13.8 20.0  49934  45940  53928                                        Redwood County                                MN est14_MN.txt 06NOV2015
27 129     1661     1359     1963 11.3  9.2 13.4      570      450      690 17.1 13.5 20.7      401      315      487 16.4 12.9 19.9  54386  50247  58525                                        Renville County                               MN est14_MN.txt 06NOV2015
27 131     7510     6468     8552 13.0 11.2 14.8     2296     1950     2642 16.0 13.6 18.4     1402     1134     1670 13.3 10.8 15.8  60317  57177  63457                                        Rice County                                   MN est14_MN.txt 06NOV2015
27 133      890      707     1073  9.6  7.6 11.6      282      214      350 12.1  9.2 15.0      185      138      232 10.8  8.0 13.6  55352  50258  60446                                        Rock County                                   MN est14_MN.txt 06NOV2015
27 135     1418     1145     1691  9.2  7.4 11.0      466      370      562 12.3  9.8 14.8      311      241      381 10.9  8.4 13.4  53838  49652  58024                                        Roseau County                                 MN est14_MN.txt 06NOV2015
27 137    32867    30157    35577 17.0 15.6 18.4     7491     6362     8620 19.9 16.9 22.9     4601     3713     5489 16.9 13.6 20.2  49714  47569  51859                                        St. Louis County                              MN est14_MN.txt 06NOV2015
27 139     7590     6296     8884  5.5  4.6  6.4     2733     2152     3314  6.9  5.4  8.4     1857     1431     2283  6.3  4.9  7.7  91688  85807  97569                                        Scott County                                  MN est14_MN.txt 06NOV2015
27 141     6395     5183     7607  7.2  5.8  8.6     2123     1682     2564  8.7  6.9 10.5     1421     1112     1730  7.8  6.1  9.5  76512  71008  82016                                        Sherburne County                              MN est14_MN.txt 06NOV2015
27 143     1353     1075     1631  9.2  7.3 11.1      483      368      598 13.5 10.3 16.7      327      247      407 12.2  9.2 15.2  59893  56585  63201                                        Sibley County                                 MN est14_MN.txt 06NOV2015
27 145    19537    17572    21502 13.4 12.1 14.7     4586     3774     5398 13.5 11.1 15.9     3095     2490     3700 12.6 10.1 15.1  55832  53614  58050                                        Stearns County                                MN est14_MN.txt 06NOV2015
27 147     3931     3312     4550 10.9  9.2 12.6     1533     1280     1786 16.9 14.1 19.7     1001      819     1183 15.1 12.4 17.8  57850  52521  63179                                        Steele County                                 MN est14_MN.txt 06NOV2015
27 149     1258     1051     1465 14.2 11.9 16.5      236      180      292 11.7  8.9 14.5      151      113      189 10.1  7.6 12.6  55292  50354  60230                                        Stevens County                                MN est14_MN.txt 06NOV2015
27 151     1005      803     1207 10.8  8.6 13.0      290      222      358 14.5 11.1 17.9      193      146      240 13.5 10.2 16.8  51032  46272  55792                                        Swift County                                  MN est14_MN.txt 06NOV2015
27 153     4250     3773     4727 17.8 15.8 19.8     1423     1203     1643 24.9 21.0 28.8      850      672     1028 21.1 16.7 25.5  43287  40470  46104                                        Todd County                                   MN est14_MN.txt 06NOV2015
27 155      400      308      492 12.2  9.4 15.0      134      101      167 19.4 14.6 24.2       94       70      118 17.7 13.2 22.2  49536  46053  53019                                        Traverse County                               MN est14_MN.txt 06NOV2015
27 157     1549     1195     1903  7.3  5.6  9.0      494      374      614 10.5  8.0 13.0      338      253      423  9.8  7.3 12.3  58752  55176  62328                                        Wabasha County                                MN est14_MN.txt 06NOV2015
27 159     2107     1719     2495 15.8 12.9 18.7      727      576      878 22.4 17.7 27.1      495      387      603 20.7 16.2 25.2  41909  38667  45151                                        Wadena County                                 MN est14_MN.txt 06NOV2015
27 161     1793     1434     2152 10.1  8.1 12.1      590      453      727 13.6 10.5 16.7      406      308      504 12.7  9.6 15.8  54183  49539  58827                                        Waseca County                                 MN est14_MN.txt 06NOV2015
27 163    14735    12675    16795  6.0  5.2  6.8     4195     3353     5037  6.8  5.4  8.2     2796     2196     3396  6.0  4.7  7.3  84113  80265  87961                                        Washington County                             MN est14_MN.txt 06NOV2015
27 165     1135      872     1398 10.4  8.0 12.8      443      332      554 16.4 12.3 20.5      309      229      389 15.9 11.8 20.0  48658  44632  52684                                        Watonwan County                               MN est14_MN.txt 06NOV2015
27 167      653      517      789 10.3  8.1 12.5      184      138      230 12.7  9.5 15.9      125       92      158 11.6  8.5 14.7  54536  49054  60018                                        Wilkin County                                 MN est14_MN.txt 06NOV2015
27 169     7400     6467     8333 15.8 13.8 17.8     1325     1043     1607 14.5 11.4 17.6      900      701     1099 13.0 10.1 15.9  49365  46124  52606                                        Winona County                                 MN est14_MN.txt 06NOV2015
27 171     7700     6351     9049  6.0  5.0  7.0     2453     1866     3040  6.7  5.1  8.3     1593     1175     2011  5.9  4.4  7.4  76489  72483  80495                                        Wright County                                 MN est14_MN.txt 06NOV2015
27 173     1105      912     1298 11.2  9.3 13.1      337      259      415 14.5 11.1 17.9      230      174      286 13.8 10.4 17.2  51028  47867  54189                                        Yellow Medicine County                        MN est14_MN.txt 06NOV2015
